# environment.yml

name: designOcr
channels:
  - pytorch
  - conda-forge
dependencies:
  - altgraph=0.17.4=pyhd8ed1ab_0
  - bzip2=1.0.8=h8ffe710_4
  - ca-certificates=2023.7.22=h56e8100_0
  - freetype=2.12.1=hdaf720e_2
  - future=0.18.3=pyhd8ed1ab_0
  - gettext=0.21.1=h5728263_0
  - glib=2.78.0=h12be248_0
  - glib-tools=2.78.0=h12be248_0
  - gst-plugins-base=1.22.6=h001b923_2
  - gstreamer=1.22.6=hb4038d2_2
  - icu=73.2=h63175ca_0
  - keyboard=0.13.5=py39hcbf5309_2
  - krb5=1.21.2=heb0366b_0
  - lcms2=2.15=h67d730c_3
  - lerc=4.0.0=h63175ca_0
  - libclang=15.0.7=default_h77d9078_3
  - libclang13=15.0.7=default_h77d9078_3
  - libdeflate=1.19=hcfcfb64_0
  - libffi=3.4.2=h8ffe710_5
  - libglib=2.78.0=he8f3873_0
  - libiconv=1.17=h8ffe710_0
  - libjpeg-turbo=3.0.0=hcfcfb64_1
  - libogg=1.3.4=h8ffe710_1
  - libpng=1.6.39=h19919ed_0
  - libsqlite=3.43.2=hcfcfb64_0
  - libtiff=4.6.0=h6e2ebb7_2
  - libvorbis=1.3.7=h0e60522_0
  - libwebp=1.3.2=hcfcfb64_1
  - libwebp-base=1.3.2=hcfcfb64_0
  - libxcb=1.15=hcd874cb_0
  - libxml2=2.11.5=hc3477c8_1
  - libxslt=1.1.37=h6070c61_1
  - libzlib=1.2.13=hcfcfb64_5
  - lxml=4.9.3=py39hbae3653_1
  - m2w64-gcc-libgfortran=5.3.0=6
  - m2w64-gcc-libs=5.3.0=7
  - m2w64-gcc-libs-core=5.3.0=7
  - m2w64-gmp=6.1.0=2
  - m2w64-libwinpthread-git=5.0.0.4634.697f757=2
  - macholib=1.16.3=pyhd8ed1ab_0
  - msys2-conda-epoch=20160418=1
  - nuitka=1.8.4=py39hcbf5309_0
  - openjpeg=2.5.0=h3d672ee_3
  - openssl=3.1.3=hcfcfb64_0
  - packaging=23.2=pyhd8ed1ab_0
  - pcre2=10.40=h17e33f8_0
  - pefile=2023.2.7=pyhd8ed1ab_0
  - pillow=10.0.1=py39h368b509_2
  - pip=23.2.1=pyhd8ed1ab_0
  - ply=3.11=py_1
  - pthread-stubs=0.4=hcd874cb_1001
  - pyinstaller=5.1=py39h84a0465_1
  - pyinstaller-hooks-contrib=2023.10=pyhd8ed1ab_0
  - pyqt=5.15.9=py39hb77abff_5
  - pyqt5-sip=12.12.2=py39h99910a6_5
  - pyqtwebengine=5.15.9=py39h2f4a3f1_5
  - python=3.9.18=h4de0772_0_cpython
  - python-docx=0.8.11=pyhd8ed1ab_0
  - python_abi=3.9=4_cp39
  - pywin32=306=py39h99910a6_2
  - pywin32-ctypes=0.2.2=py39hcbf5309_1
  - qdarkstyle=3.1=pyhd8ed1ab_0
  - qt-main=5.15.8=h9e85ed6_17
  - qt-webengine=5.15.8=h5b1ea0b_0
  - qtpy=2.4.0=pyhd8ed1ab_0
  - setuptools=68.2.2=pyhd8ed1ab_0
  - sip=6.7.11=py39h99910a6_1
  - tk=8.6.13=hcfcfb64_0
  - toml=0.10.2=pyhd8ed1ab_0
  - tomli=2.0.1=pyhd8ed1ab_0
  - tzdata=2023c=h71feb2d_0
  - ucrt=10.0.22621.0=h57928b3_0
  - ujson=5.8.0=py39h99910a6_0
  - vc=14.3=h64f974e_17
  - vc14_runtime=14.36.32532=hdcecf7f_17
  - vs2015_runtime=14.36.32532=h05e6639_17
  - wheel=0.41.2=pyhd8ed1ab_0
  - xorg-libxau=1.0.11=hcd874cb_0
  - xorg-libxdmcp=1.1.3=hcd874cb_0
  - xz=5.2.6=h8d14728_0
  - zstd=1.5.5=h12be248_0
  - pip:
      - cx-freeze==6.15.9
      - cx-logging==3.1.0
      - fuzzywuzzy==0.18.0
      - levenshtein==0.23.0
      - lief==0.13.2
      - numpy==1.26.1
      - opencv-python==4.8.1.78
      - python-levenshtein==0.23.0
      - rapidfuzz==3.4.0
prefix: D:\Scoop\apps\mambaforge\current\envs\designOcr
